7 7
TTTTTTT
TFFFFFT
TFTTTFT
TFFTFFT
TTFFFTT
TFFTTTT
TTTTTTT
1 5
5 1
1.000000000 1.000000000 1.000000000 1.000000000 1.000000000 1.000000000 1.000000000
1.000000000 1.000000000 1.000000000 1.000000000 1.000000000 1.000000000 1.000000000
1.000000000 1.000000000 1.000000000 1.000000000 1.000000000 1.000000000 1.000000000
1.000000000 1.000000000 1.000000000 1.000000000 1.000000000 1.000000000 1.000000000
1.000000000 1.000000000 1.000000000 1.000000000 1.000000000 1.000000000 1.000000000
1.000000000 1.000000000 1.000000000 1.000000000 1.000000000 1.000000000 1.000000000
1.000000000 1.000000000 1.000000000 1.000000000 1.000000000 1.000000000 1.000000000

